lat_north = 42.9606292
lat_south = 43.1951090
lon_east  = -70.6617751
lon_west  = -70.6681253
datum_lat = 43.071959194444446
datum_lon = -70.711610833333339 
