lat_north=42.7183610
lat_south=42.7117988
lon_east=-72.0113256
lon_west=-71.9948604
datum_lat = 42.716592
datum_lon = -72.005095
