lat_north = 42.7183610
lat_south = 42.7117988
lon_east  =-71.9948604
lon_west  =-72.0113256
datum_lat = 42.716607
datum_lon =-72.005135 
//datum_lat = 43.824000
//datum_lon = -70.330000

